==================
test 1:
student:
1;2;3;4;5;6;
grader:
1;2;3;4;5;6;
==================
test 2:
student:
2;4;6;8;8;8;9;9;10;11;13;14;16;-2050228123;-1610610693;0;0;0;0;-1;0;0;16;17;17;17;18;-2050228123;-1610610693;0;0;0;0;19;20;22;22;22;23;-2050228123;-1610610693;0;24;24;24;25;27;34;0;34;36;36;37;0;37;0;39;39;41;43;44;46;-2050228123;-1610610693;0;49;50;50;50;52;-2050228123;-1610610693;0;0;52;54;54;55;58;59;-2050228123;-1610610693;0;59;60;-2050228123;-1610610693;-2050228118;-1610610693;0;61;63;63;66;68;-2050228123;-1610610693;68;68;68;9;17;39;52;55;60;-2050228123;0;69;75;0;76;76;79;79;80;0;-2050228118;-1610610693;0;0;0;0;0;80;0;0;0;0;80;82;-1610610693;92;95;0;0;0;0;2;6;8;9;13;16;17;17;18;-2050228123;-1610610693;0;
grader:
2;4;6;8;8;8;9;9;10;11;13;14;16;16;17;17;17;18;19;20;22;22;22;23;24;24;24;25;27;28;31;32;34;34;36;36;37;37;39;39;41;43;44;46;49;50;50;50;52;52;53;54;54;55;58;59;59;60;61;63;63;65;66;68;68;68;69;72;75;76;79;79;80;80;80;82;83;83;86;86;88;88;91;92;93;95;95;96;96;96;98;99;100;100;102;102;102;103;104;104;105;106;107;107;108;109;110;111;113;113;114;114;116;117;117;119;120;123;123;126;128;128;129;129;129;130;130;131;131;132;134;136;138;139;141;141;141;141;143;143;145;145;145;145;145;146;147;148;148;149;
==================
test 3:
student:
2;-1342177280;2;-1342177280;5;-1342177280;7;-1342177280;0;-1342177280;0;-1342177280;0;7;-1342177280;0;8;-1342177280;0;-1342177280;0;-1342177280;0;-1342177280;9;-1342177280;0;-1342177280;0;9;-1342177280;10;-1342177280;0;-1342177280;0;-1342177280;11;-1342177280;12;-1342177280;13;-1342177280;13;-1342177280;14;-1342177280;14;-1342177280;15;-1342177280;15;-1342177280;0;-1342177280;0;-1342177280;12;17;-1342177280;0;-1342177280;0;-1342177280;0;17;-1342177280;18;-1342177280;0;21;-1342177280;0;-1342177280;0;-1342177280;0;21;-1342177280;22;-1342177280;22;-1342177280;0;-1342177280;0;-1342177280;24;-1342177280;24;-1342177280;0;-1342177280;26;-1342177280;0;-1342177280;0;26;-1342177280;27;-1342177280;29;-1342177280;0;-1342177280;0;-1342177280;0;-1342177280;0;-1342177280;0;-1342177280;0;-1342177280;0;0;0;0;0;0;0;0;0;0;0;0;0;0;0;0;0;2;-1342177280;2;-1342177280;5;-1342177280;9;-1342177280;0;-1342177280;0;14;-1342177280;15;-1342177280;26;-1342177280;0;-1342177280;0;30;-1342177280;0;30;-1342177280;0;30;-1342177280;0;9;-1342177280;13;-1342177280;30;-1342177280;32;-1342177280;0;-1342177280;0;-1342177280;-1342177280;0;0;-1342177280;0;-1342177280;3;-1342177280;0;-1342177280;13;0;0;39;-1342177280;7;-1342177280;0;-1342177280;0;-1342177280;0;7;-1342177280;0;9;
grader:
2;2;5;7;7;8;9;9;10;11;12;13;13;14;14;15;17;17;18;21;21;22;22;24;24;24;25;26;26;27;27;29;29;29;30;32;32;34;36;36;39;39;41;41;41;43;43;45;45;48;50;52;53;54;55;58;59;61;64;66;67;68;69;70;72;72;73;73;73;74;79;79;80;80;83;83;86;86;90;91;92;93;95;95;95;96;96;97;98;98;99;99;99;99;100;102;102;102;104;104;104;105;106;106;106;107;109;110;110;113;113;114;116;116;117;118;120;123;124;124;124;125;127;128;130;131;131;131;134;134;135;135;136;136;136;137;137;138;138;139;139;140;143;143;145;145;145;145;146;146;148;150;150;151;153;153;154;158;158;158;159;160;161;161;163;164;166;166;167;167;168;168;169;169;169;170;171;173;176;178;178;180;180;182;186;186;188;189;191;191;191;194;195;195;195;196;196;197;198;200;
==================
test 4:
student:
2;-2147483648;0;-2147483648;0;0;0;0;2;-2147483648;0;-2147483648;0;-2147483648;0;-2147483648;2;-2147483648;-1627127707;3;-2147483648;-1627127707;3;-2147483648;-1627127707;4;-2147483648;0;-2147483648;0;0;0;0;0;-2147483648;0;-2147483648;6;-2147483648;0;-2147483648;0;-2147483648;0;0;0;-2147483648;0;-2147483648;-2147483636;-1627127707;6;-2147483648;0;-2147483648;0;0;0;0;0;-2147483648;0;-2147483648;7;-2147483648;0;-2147483648;0;0;0;0;0;0;0;0;1;0;-264240208;7;-2147483648;0;-2147483648;0;-2147483648;0;-2147483648;0;-2147483648;0;-2147483648;-2147483634;0;-2147483648;7;-2147483648;0;-2147483648;0;-2147483648;0;-2147483648;0;0;0;0;1;0;-264240208;7;0;0;0;9;-2147483648;0;-2147483648;0;-2147483648;0;12;-2147483648;0;-2147483648;0;-2147483648;0;-2147483648;0;-2147483648;0;-2147483648;12;-2147483648;-1627127707;-2147483648;0;-2147483648;0;7;0;-2147483648;0;-2147483648;-2147483636;0;-2147483648;0;0;-2147483648;0;13;-2147483648;-1627127707;14;0;0;0;14;-2147483648;-1627127707;14;-2147483648;0;16;-2147483648;0;-2147483648;0;0;0;0;0;0;18;7;23;-2147483648;0;-2147483648;0;0;0;0;0;-2147483648;0;-2147483648;12;0;-264240208;0;0;0;0;0;0;0;0;0;0;0;0;0;0;0;0;0;0;0;0;0;0;0;0;0;0;0;0;0;0;0;0;0;0;0;0;0;0;0;0;0;0;0;0;0;0;0;0;0;0;0;0;0;0;0;0;0;0;0;0;
grader:
2;2;2;3;3;4;6;6;7;7;7;7;9;11;11;12;12;13;14;16;18;18;18;18;20;21;23;23;25;27;29;31;31;34;35;35;37;40;40;40;41;43;43;45;45;46;48;49;49;49;50;51;52;52;54;54;57;58;58;58;59;61;61;61;64;64;65;66;67;67;69;70;72;72;74;76;77;78;79;80;82;82;82;83;86;86;86;87;88;91;91;91;92;95;95;95;95;95;95;96;98;99;100;103;104;106;106;108;109;109;110;113;114;114;116;116;116;117;117;119;122;123;124;124;124;124;125;125;126;126;127;128;129;130;133;134;136;136;136;136;136;138;141;143;144;145;145;145;146;147;148;148;148;150;150;152;153;154;154;155;155;156;158;158;159;159;160;163;163;166;166;167;169;170;170;170;171;172;173;174;176;176;177;178;180;180;181;181;184;184;189;189;190;191;193;193;194;195;195;196;196;197;198;202;205;206;209;210;210;211;212;213;213;214;217;218;218;219;219;219;221;223;223;224;227;228;229;229;230;230;232;232;235;236;236;238;239;239;239;241;242;243;245;246;246;246;247;248;250;250;
==================
test 5:
student:
2;2;4;4;6;7;8;8;10;10;12;14;16;16;16;16;17;17;18;-1010040731;22;22;23;24;24;24;25;27;27;31;34;34;35;0;36;37;37;39;39;39;40;41;45;45;46;48;48;49;50;0;50;51;51;52;52;53;54;55;56;57;58;61;62;63;64;66;68;68;68;69;69;69;72;76;77;79;80;0;-1010040726;80;81;-1010040731;-1010040726;83;0;-1010040726;83;86;86;88;92;92;0;95;34;34;41;0;0;95;96;96;0;98;98;99;100;102;102;102;104;105;105;106;107;107;-1010040731;0;0;-1010040731;109;109;109;110;-1010040731;111;111;112;0;-1010040726;113;0;113;113;114;114;117;-1010040731;-1010040731;0;118;120;121;-1010040731;-1010040726;123;124;127;128;129;-1010040731;129;-1010040731;131;131;-1010040731;131;-1010040731;132;132;134;135;136;138;139;139;140;143;143;-1010040726;143;-1010040731;145;145;145;145;148;0;149;151;-1010040731;-1010040726;154;154;155;155;156;157;-1010040731;158;158;159;159;0;160;160;161;-1010040731;164;164;165;0;0;160;166;-1010040731;166;167;-1010040731;-1010040731;169;-1010040731;113;171;113;114;131;0;172;-1010040726;-1010040726;158;169;0;173;157;0;174;0;0;0;0;0;160;176;177;178;-1010040731;181;182;0;0;0;0;185;45;0;186;113;0;117;0;190;191;191;0;193;193;-1010040726;196;197;0;-1010040726;113;114;198;-1010040731;173;157;0;0;201;202;95;34;34;0;0;0;0;0;0;0;0;0;0;206;-1010040731;0;193;0;210;0;-1010040726;0;160;0;219;226;234;
grader:
2;2;4;4;6;7;8;8;10;10;12;14;16;16;16;16;17;17;18;22;22;23;24;24;24;25;27;27;31;34;34;35;36;37;37;39;39;39;40;41;45;45;46;48;48;49;50;50;51;51;52;52;53;54;55;56;57;58;61;62;63;64;66;68;68;68;69;69;69;72;76;77;79;80;80;81;83;83;86;86;88;92;92;95;95;96;96;98;98;99;100;102;102;102;104;105;105;106;106;107;107;109;109;109;110;111;111;112;113;113;114;114;117;118;120;121;123;124;126;126;127;128;129;129;130;131;131;132;132;134;135;136;138;139;139;140;141;143;143;143;145;145;145;145;148;149;151;154;154;155;155;156;157;158;158;159;159;160;161;161;163;164;165;166;166;167;167;169;170;171;172;173;174;174;176;177;178;181;182;185;186;190;191;193;193;194;194;195;196;196;197;198;199;200;201;202;203;204;205;205;206;207;208;209;209;209;210;210;213;213;213;215;215;218;219;220;221;224;224;224;225;226;226;226;229;230;230;230;232;232;232;232;234;236;236;236;236;238;238;241;243;245;245;246;246;248;250;250;250;253;253;254;256;258;261;261;264;266;267;268;269;270;270;270;273;273;273;273;275;277;277;278;278;279;279;280;280;282;284;286;289;290;291;291;291;295;295;295;295;296;296;297;297;298;298;298;298;299;299;300;
